    model_id score_threshold    k attribute_name attribute_value       tpr       tnr       for       fdr       fpr       fnr       npv  precision  pp    pn       ppr     pprev  fp   fn    tn  tp  group_label_pos  group_label_neg  group_size  total_entities      prev
0          0      binary 0/1  246      education            10th  0.062500  0.994220  0.080214  0.500000  0.005780  0.937500  0.919786   0.500000   2   187  0.008130  0.010582   1   15   172   1               16              173         189            6513  0.084656
1          0      binary 0/1  246      education            11th  0.181818  1.000000  0.042254  0.000000  0.000000  0.818182  0.957746   1.000000   2   213  0.008130  0.009302   0    9   204   2               11              204         215            6513  0.051163
2          0      binary 0/1  246      education            12th  0.000000  1.000000  0.047619       NaN  0.000000  1.000000  0.952381        NaN   0    84  0.000000  0.000000   0    4    80   0                4               80          84            6513  0.047619
3          0      binary 0/1  246      education         1st-4th  1.000000  1.000000  0.000000  0.000000  0.000000  0.000000  1.000000   1.000000   1    43  0.004065  0.022727   0    0    43   1                1               43          44            6513  0.022727
4          0      binary 0/1  246      education         5th-6th  0.000000  1.000000  0.092308       NaN  0.000000  1.000000  0.907692        NaN   0    65  0.000000  0.000000   0    6    59   0                6               59          65            6513  0.092308
5          0      binary 0/1  246      education         7th-8th  0.000000  1.000000  0.044444       NaN  0.000000  1.000000  0.955556        NaN   0   135  0.000000  0.000000   0    6   129   0                6              129         135            6513  0.044444
6          0      binary 0/1  246      education             9th  0.000000  1.000000  0.050000       NaN  0.000000  1.000000  0.950000        NaN   0   100  0.000000  0.000000   0    5    95   0                5               95         100            6513  0.050000
7          0      binary 0/1  246      education      Assoc-acdm  0.142857  1.000000  0.260870  0.000000  0.000000  0.857143  0.739130   1.000000   9   207  0.036585  0.041667   0   54   153   9               63              153         216            6513  0.291667
8          0      binary 0/1  246      education       Assoc-voc  0.132353  1.000000  0.234127  0.000000  0.000000  0.867647  0.765873   1.000000   9   252  0.036585  0.034483   0   59   193   9               68              193         261            6513  0.260536
9          0      binary 0/1  246      education       Bachelors  0.171233  1.000000  0.375000  0.000000  0.000000  0.828767  0.625000   1.000000  75   968  0.304878  0.071908   0  363   605  75              438              605        1043            6513  0.419942
10         0      binary 0/1  246      education       Doctorate  0.209677  1.000000  0.753846  0.000000  0.000000  0.790323  0.246154   1.000000  13    65  0.052846  0.166667   0   49    16  13               62               16          78            6513  0.794872
11         0      binary 0/1  246      education         HS-grad  0.108626  0.998875  0.135766  0.055556  0.001125  0.891374  0.864234   0.944444  36  2055  0.146341  0.017217   2  279  1776  34              313             1778        2091            6513  0.149689
12         0      binary 0/1  246      education         Masters  0.169154  0.993548  0.520249  0.028571  0.006452  0.830846  0.479751   0.971429  35   321  0.142276  0.098315   1  167   154  34              201              155         356            6513  0.564607
13         0      binary 0/1  246      education       Preschool       NaN  1.000000  0.000000       NaN  0.000000       NaN  1.000000        NaN   0    10  0.000000  0.000000   0    0    10   0                0               10          10            6513  0.000000
14         0      binary 0/1  246      education     Prof-school  0.344828  1.000000  0.662791  0.000000  0.000000  0.655172  0.337209   1.000000  30    86  0.121951  0.258621   0   57    29  30               87               29         116            6513  0.750000
15         0      binary 0/1  246      education    Some-college  0.111498  0.998365  0.172764  0.058824  0.001635  0.888502  0.827236   0.941176  34  1476  0.138211  0.022517   2  255  1221  32              287             1223        1510            6513  0.190066
